364
0 5 0 -1 0
0 5 0 0 0
0 5 1 0 0
0 6 0 0 0
0 6 0 1 0
0 8 0 0 0
0 10 0 0 0
0 10 1 0 0
0 19 0 0 0
0 19 1 1 0
0 21 -1 0 0
0 21 0 0 0
0 23 0 -1 0
0 23 0 0 0
1 2 0 -1 0
1 2 1 -1 0
1 2 1 0 0
1 7 0 0 0
1 9 0 0 0
1 9 1 1 0
1 11 -1 0 0
1 11 0 0 0
1 12 0 0 0
1 14 0 0 0
1 14 1 0 0
1 16 0 0 0
1 16 0 1 0
2 1 -1 0 0
2 1 -1 1 0
2 1 0 1 0
2 7 -1 0 0
2 7 0 1 0
2 9 -1 1 0
2 9 0 1 0
2 11 -1 0 0
2 11 -1 1 0
2 12 -1 0 0
2 14 0 1 0
2 16 -1 1 0
2 16 0 1 0
3 4 -1 0 -1
3 4 0 0 -1
3 4 0 1 -1
3 13 0 0 -1
3 13 0 1 -1
3 15 -1 0 -1
3 15 0 1 -1
3 17 -1 0 -1
3 17 0 0 -1
3 18 -1 0 0
3 18 0 1 0
3 20 0 0 0
3 20 1 0 0
3 22 0 0 0
3 22 0 1 0
4 3 0 -1 1
4 3 0 0 1
4 3 1 0 1
4 13 0 0 0
4 13 1 1 0
4 15 -1 0 0
4 15 0 0 0
4 17 0 -1 0
4 17 0 0 0
4 18 0 0 1
4 20 0 -1 1
4 20 1 0 1
4 22 0 0 1
4 22 1 0 1
5 0 -1 0 0
5 0 0 0 0
5 0 0 1 0
5 6 -1 0 0
5 6 0 1 0
5 8 -1 0 0
5 8 0 0 0
5 10 0 0 0
5 19 0 0 0
5 19 0 1 0
5 21 -1 0 0
5 21 0 1 0
5 23 -1 0 0
5 23 0 0 0
6 0 0 -1 0
6 0 0 0 0
6 5 0 -1 0
6 5 1 0 0
6 7 0 0 0
6 8 -1 -1 0
6 8 0 -1 0
6 8 0 0 0
6 9 0 0 0
6 10 0 -1 0
6 10 0 0 0
6 10 1 0 0
6 11 -1 0 0
6 19 0 0 0
6 21 0 0 0
6 23 0 -1 0
7 1 0 0 0
7 2 0 -1 0
7 2 1 0 0
7 6 0 0 0
7 8 0 0 0
7 9 0 0 0
7 9 0 1 0
7 9 1 1 0
7 10 1 0 0
7 11 -1 0 0
7 11 0 0 0
7 11 0 1 0
7 12 0 0 0
7 14 0 0 0
7 16 0 1 0
8 0 0 0 0
8 5 0 0 0
8 5 1 0 0
8 6 0 0 0
8 6 0 1 0
8 6 1 1 0
8 7 0 0 0
8 9 0 1 0
8 10 0 0 0
8 10 1 0 0
8 10 1 1 0
8 11 0 1 0
8 19 1 1 0
8 21 0 0 0
8 23 0 0 0
9 1 -1 -1 0
9 1 0 0 0
9 2 0 -1 0
9 2 1 -1 0
9 6 0 0 0
9 7 -1 -1 0
9 7 0 -1 0
9 7 0 0 0
9 8 0 -1 0
9 10 0 -1 0
9 11 -1 -1 0
9 11 -1 0 0
9 11 0 0 0
9 12 -1 -1 0
9 14 0 0 0
9 16 0 0 0
10 0 -1 0 0
10 0 0 0 0
10 5 0 0 0
10 6 -1 0 0
10 6 0 0 0
10 6 0 1 0
10 7 -1 0 0
10 8 -1 -1 0
10 8 -1 0 0
10 8 0 0 0
10 9 0 1 0
10 11 -1 0 0
10 19 0 0 0
10 21 -1 0 0
10 23 0 0 0
11 1 0 0 0
11 1 1 0 0
11 2 1 -1 0
11 2 1 0 0
11 6 1 0 0
11 7 0 -1 0
11 7 0 0 0
11 7 1 0 0
11 8 0 -1 0
11 9 0 0 0
11 9 1 0 0
11 9 1 1 0
11 10 1 0 0
11 12 0 0 0
11 14 1 0 0
11 16 0 0 0
12 1 0 0 0
12 2 1 0 0
12 7 0 0 0
12 9 1 1 0
12 11 0 0 0
12 13 1 1 0
12 14 0 0 0
12 14 1 0 0
12 14 1 1 0
12 15 0 0 0
12 16 0 0 0
12 16 0 1 0
12 16 1 1 0
12 17 0 0 0
13 3 0 -1 1
13 3 0 0 1
13 4 -1 -1 0
13 4 0 0 0
13 12 -1 -1 0
13 14 0 0 0
13 15 -1 -1 0
13 15 -1 0 0
13 15 0 0 0
13 16 0 0 0
13 17 -1 -1 0
13 17 0 -1 0
13 17 0 0 0
13 18 0 0 1
13 20 0 -1 1
13 22 0 0 1
14 1 -1 0 0
14 1 0 0 0
14 2 0 -1 0
14 7 0 0 0
14 9 0 0 0
14 11 -1 0 0
14 12 -1 -1 0
14 12 -1 0 0
14 12 0 0 0
14 13 0 0 0
14 15 -1 0 0
14 16 -1 0 0
14 16 0 0 0
14 16 0 1 0
14 17 0 0 0
15 3 0 -1 1
15 3 1 0 1
15 4 0 0 0
15 4 1 0 0
15 12 0 0 0
15 13 0 0 0
15 13 1 0 0
15 13 1 1 0
15 14 1 0 0
15 16 0 0 0
15 17 0 -1 0
15 17 0 0 0
15 17 1 0 0
15 18 0 0 1
15 20 1 0 1
15 22 1 0 1
16 1 0 -1 0
16 1 0 0 0
16 2 0 -1 0
16 2 1 -1 0
16 7 0 -1 0
16 9 0 0 0
16 11 0 0 0
16 12 -1 -1 0
16 12 0 -1 0
16 12 0 0 0
16 13 0 0 0
16 14 0 -1 0
16 14 0 0 0
16 14 1 0 0
16 15 0 0 0
16 17 0 -1 0
17 3 0 0 1
17 3 1 0 1
17 4 0 0 0
17 4 0 1 0
17 12 0 0 0
17 13 0 0 0
17 13 0 1 0
17 13 1 1 0
17 14 0 0 0
17 15 -1 0 0
17 15 0 0 0
17 15 0 1 0
17 16 0 1 0
17 18 0 1 1
17 20 1 0 1
17 22 0 0 1
18 3 0 -1 0
18 3 1 0 0
18 4 0 0 -1
18 13 0 0 -1
18 15 0 0 -1
18 17 0 -1 -1
18 19 1 0 0
18 20 0 -1 0
18 20 1 -1 0
18 20 1 0 0
18 21 0 -1 0
18 22 0 -1 0
18 22 0 0 0
18 22 1 0 0
18 23 0 -1 0
19 0 -1 -1 0
19 0 0 0 0
19 5 0 -1 0
19 5 0 0 0
19 6 0 0 0
19 8 -1 -1 0
19 10 0 0 0
19 18 -1 0 0
19 20 0 0 0
19 21 -1 -1 0
19 21 -1 0 0
19 21 0 0 0
19 22 0 0 0
19 23 -1 -1 0
19 23 0 -1 0
19 23 0 0 0
20 3 -1 0 0
20 3 0 0 0
20 4 -1 0 -1
20 4 0 1 -1
20 13 0 1 -1
20 15 -1 0 -1
20 17 -1 0 -1
20 18 -1 0 0
20 18 -1 1 0
20 18 0 1 0
20 19 0 0 0
20 21 -1 0 0
20 22 -1 0 0
20 22 0 0 0
20 22 0 1 0
20 23 0 0 0
21 0 0 0 0
21 0 1 0 0
21 5 0 -1 0
21 5 1 0 0
21 6 0 0 0
21 8 0 0 0
21 10 1 0 0
21 18 0 1 0
21 19 0 0 0
21 19 1 0 0
21 19 1 1 0
21 20 1 0 0
21 22 0 0 0
21 23 0 -1 0
21 23 0 0 0
21 23 1 0 0
22 3 0 -1 0
22 3 0 0 0
22 4 -1 0 -1
22 4 0 0 -1
22 13 0 0 -1
22 15 -1 0 -1
22 17 0 0 -1
22 18 -1 0 0
22 18 0 0 0
22 18 0 1 0
22 19 0 0 0
22 20 0 -1 0
22 20 0 0 0
22 20 1 0 0
22 21 0 0 0
22 23 0 -1 0
23 0 0 0 0
23 0 0 1 0
23 5 0 0 0
23 5 1 0 0
23 6 0 1 0
23 8 0 0 0
23 10 0 0 0
23 18 0 1 0
23 19 0 0 0
23 19 0 1 0
23 19 1 1 0
23 20 0 0 0
23 21 -1 0 0
23 21 0 0 0
23 21 0 1 0
23 22 0 1 0
